version https://git-lfs.github.com/spec/v1
oid sha256:ca4e0cccd0742685b807b9328caa7b86d035527b1c010ea585ce1c41c113e74a
size 48572
